real start position [154, 247]
measured values [[151, 236], [151, 236], [151, 236], [151, 236], [151, 236], [151, 236], [151, 236], 
[154, 235], [151, 236], [151, 236], [151, 236], [151, 236], [151, 236], [154, 235], [151, 236], [151, 236], 
[151, 236], [152, 235], [151, 236], [154, 235], [151, 236], [151, 236], [151, 236], [151, 236], [151, 236], 
[151, 236], [151, 236], [151, 236], [151, 236], [151, 236], [151, 236], [151, 236], [151, 236], [152, 236], 
[151, 236], [151, 236], [151, 236], [151, 236], [151, 236], [151, 236], [151, 236], [151, 236], [151, 236], 
[154, 235], [151, 236], [151, 236], [151, 236], [151, 236], [151, 236], [151, 236], [151, 236], [151, 236], 
[151, 236], [151, 236], [151, 236], [151, 236], [151, 236], [151, 236], [151, 236], [151, 236], [151, 236], 
[151, 236], [151, 236], [151, 236], [151, 236], [151, 236], [151, 236], [151, 236], [151, 236], [154, 235], 
[151, 236], [151, 236], [151, 236], [151, 236], [151, 236], [151, 236], [151, 236], [151, 236], [154, 235], 
[151, 236], [151, 236], [151, 236], [156, 235], [151, 236], [151, 236], [153, 235], [151, 236], [151, 236], 
[151, 236], [151, 236], [151, 236], [151, 236], [151, 236], [154, 235], [151, 236], [151, 236], [151, 236], 
[151, 236], [151, 236], [153, 235]]

real_pos [152, 233]
measured values [[149, 223], [148, 223], [149, 223], [149, 223], [149, 223], [149, 223], [149, 223], 
[149, 223], [149, 223], [149, 223], [149, 223], [149, 223], [149, 223], [149, 223], [149, 223], [149, 223], 
[149, 223], [149, 223], [149, 223], [149, 223], [149, 223], [149, 223], [149, 223], [149, 223], [149, 223], 
[149, 223], [149, 223], [149, 223], [149, 223], [149, 223], [149, 223], [149, 223], [149, 223], [149, 223], 
[149, 223], [149, 223], [149, 223], [149, 223], [149, 223], [149, 223], [149, 223], [149, 223], [150, 223], 
[149, 223], [149, 223], [149, 223], [149, 223], [149, 223], [150, 223], [150, 223], [149, 223], [149, 223], 
[149, 223], [149, 223], [149, 223], [149, 223], [149, 223], [149, 223], [149, 223], [149, 223], [149, 223], 
[149, 223], [150, 223], [149, 223], [149, 223], [149, 223], [149, 223], [149, 223], [149, 223], [149, 223], 
[149, 223], [149, 223], [149, 223], [149, 223], [149, 223], [149, 223], [149, 223], [150, 223], [150, 223], 
[149, 223], [149, 223], [149, 223], [149, 223], [149, 223], [149, 223], [149, 223], [150, 223], [149, 223], 
[150, 223], [149, 223], [148, 223], [149, 223], [149, 223], [149, 223], [149, 223], [149, 223], [149, 223], 
[149, 223], [150, 223], [150, 223]]